[LEFT_CAM_2K]
cx=1174.05
cy=648.125
fx=1400.72
fy=1400.72
k1=-0.17239
k2=0.0273167

[LEFT_CAM_FHD]
cx=1030.05
cy=567.125
fx=1400.72
fy=1400.72
k1=-0.17239
k2=0.0273167

[LEFT_CAM_HD]
cx=673.523
cy=372.062
fx=700.36
fy=700.36
k1=-0.17239
k2=0.0273167

[LEFT_CAM_VGA]
cx=351.761
cy=193.031
fx=350.18
fy=350.18
k1=-0.17239
k2=0.0273167

[RIGHT_CAM_2K]
cx=1172.39
cy=645.437
fx=1399.62
fy=1399.62
k1=-0.169701
k2=0.0256466

[RIGHT_CAM_FHD]
cx=1028.39
cy=564.437
fx=1399.62
fy=1399.62
k1=-0.169701
k2=0.0256466

[RIGHT_CAM_HD]
cx=672.694
cy=370.718
fx=699.812
fy=699.812
k1=-0.169701
k2=0.0256466

[RIGHT_CAM_VGA]
cx=351.347
cy=192.359
fx=349.906
fy=349.906
k1=-0.169701
k2=0.0256466

[STEREO]
BaseLine=119.997
CV_2K=0.00783436
CV_FHD=0.00783436
CV_HD=0.00783436
CV_VGA=0.00783436
RX_2K=-0.00070139
RX_FHD=-0.00070139
RX_HD=-0.00070139
RX_VGA=-0.00070139
RZ_2K=-0.000606193
RZ_FHD=-0.000606193
RZ_HD=-0.000606193
RZ_VGA=-0.000606193
